9140229
9435143
9191436
9310733
9001485
9551375
9266188
9686546
9456147
9249300
9504279
9588249
9597977
9418779
9466908
9478169
9106974
9147423
9544736
9272864
9739290
9370147
9449508
9111591
9548328
9114153
8706090
9106986
9321005
9604653
9461805
9458224
9407536
9782326
9762871
8857655
9611321
9713210
9040443
9549372
9246267
9339454
9409089
9592898
9573957
9712199
9487433
9340491
9594444
9584205
9860685
9311311
9118288
9122899
9406037
9461336
9666649
9441881
9634907
9605724
9316957
9197662
9502817
9286243
9571428
9530979
9605736
9573995
9357420
9623659
9471599
9502831
9202807
9603714
9316995
9357444
9191046
9272967
9650822
9635468
9374349
9586320
9357456
9554066
9146003
9354387
9288344
9357468
9164445
9335458
9584293
8922278
9004712
9438377
9423530
9169067
9363625
9130157
9543342
9586863
9186481
9621170
9438389
9273014
9438391
8316601
9472701
9621182
9486013
9700031
9403073
9732802
9588419
9131204
9488580
9657026
9621699
9790660
9486025
9237187
9604811
9474254
9082063
9605839
9605841
9506514
9107667
9298129
9294549
9138903
9129689
9615066
9481946
9088732
9282778
9331933
9769697
9199842
9141986
9583847
9554664
9485033
9557226
9611498
9286889
9610987
9611503
9157363
9155315
9152246
9557240
9283837
9549566
9209087
9329411
9139971
9481477
9011973
9512202
9408267
9347853
9455375
8915732
9232151
9629976
9848089
9480473
9455387
9014561
9576739
9554212
9408293
9113381
9455399
9433896
9491240
9198379
9626924
9293105
9347889
9658161
9603893
9556791
9611577
9430844
9650494
9414462
9630016
9495363
9604419
9626948
9649988
9278789
9291080
9253193
9739082
9450820
9244996
9852743
9470789
9387334
9562960
9588562
9150298
9412957
9316189
9831775
9316191
9151333
9490789
9412969
9635690
9276779
9556844
9114476
9135470
9699177
9086320
9168752
9470832
9137521
9660279
9528184
9414008
9302906
9236858
9473406
9482110
9282948
9542532
9254276
9693575
9284489
9189770
9718155
9553804
8903052
9109902
9473418
9222546
9626003
9497490
9135511
9281944
9481623
9718167
9227675
9599389
9370525
9626015
9241504
9533347
9718179
9201061
9464742
9117612
9497517
9486257
9228215
9605047
9565118
9543615
9583550
9403841
9210309
9463750
9552331
9290701
9290189
9197521
9304019
9119189
9433559
9174488
9422809
9460186
9735127
9694684
8618968
9392092
9152480
9585120
9189861
9527271
9569255
9418731
9603051
9629677
9462768
9667057
9550321
9569267
9141235
9314806
9330678
9310202
9213947
9430014
