9164811
9611278
9441295
9379856
9598995
9336854
9359387
9515046
9599016
9293870
9533490
9279551
9533505
9379909
9441350
9467976
9222223
9441362
9613410
9324643
9312365
9687150
9441398
9357432
9615482
9441403
9441427
9130133
9255074
9228459
9244855
9146558
9615561
9214159
9162966
9277656
9240794
9849057
9644263
9554157
9162992
9146613
9638135
9554171
9322750
9623817
9138446
9322774
9255191
9259290
9679139
9652519
9523500
9392432
9253181
9595204
9550149
9181508
9392456
9570632
9701712
9550163
9279836
9296224
9322853
9718131
9728382
9296262
9310599
9222558
9718181
9136553
9363883
9230763
9556404
8204731
9712060
9855422
9316804
9855434
9310666
9302475
9316816
9624017
9222625
9478626
9370082
9431525
9419254
9595383
9290232
9609718
9251327
9791999
9146895
9300506
9548316
9253404
9146912
9656864
9632296
9632301
8817198
9339442
9503287
9343546
9296444
9488956
9648702
9402952
9636436
9149017
9216602
9474668
9603697
9190004
9609847
9767558
9767560
9288332
9581198
9374351
9294484
9478808
9177765
9558696
9657014
9644732
9177789
9626302
9788100
9620176
9478872
9288411
9370331
9321184
9583330
9456355
9298662
9708265
9456367
9626364
9624330
9317133
9489168
9489170
9575187
9362205
9548574
9669407
9237280
9218856
9284398
9456434
9284403
9362231
9499450
9397054
9288526
9261918
9497438
9528160
9497440
9575266
9479022
9128817
9300855
9470844
9497476
9296781
9579406
9479058
9259927
9235359
9761700
9604005
9589671
9431977
9491381
9513919
9350082
9552836
9001930
9464778
9491408
9380817
9577434
9700328
9266152
9565170
9782259
9274355
9669627
9589762
9409546
9614347
9407500
9200653
9395214
9337872
9405459
9788435
9583641
9589798
9595943
9405485
9544750
9303091
9595967
9557056
9659490
9385063
9702522
9596038
9473169
9634969
9438365
9688221
9325726
9340063
9331878
9153707
9002166
9278648
9567441
9592020
9600217
9567453
9497842
9301249
9311490
9743617
9567491
9684225
9598220
9442574
9338137
8520989
9364784
9282869
9622837
9282871
9364796
9776444
9477440
9426245
9309514
9723215
9387346
9796949
9086318
9237876
9227637
9219446
9323900
9149823
9164160
9299329
9141637
8914312
9641352
9514389
9432476
9135523
9309605
9514406
9700782
9213363
9178551
9627069
9330111
9610688
9250244
9321926
9262534
9725392
9481685
9223643
9154012
9481697
9401831
9240043
9125358
9125360
9801201
9420289
9620994
9854466
9358852
9721360
9635353
9487897
9659933
9672222
9692703
9487902
9324069
9473573
9334313
9303601
9594418
9477684
9168441
9688635
9254460
9258557
9469508
9688647
9696840
9576014
9401934
9713234
9188946
9217618
9322073
9227871
9045601
9072226
9322085
9584229
9580144
9162368
9129603
9698953
9727637
9232022
9660061
9516703
9158305
8912546
9272993
9211559
9459369
9203370
9442990
9569968
9176759
9459383
9045704
9604809
9567946
9117387
9588433
9561813
9144029
9572070
9572082
9430791
9269001
9217802
8914702
9846548
9592604
9449247
9232163
9725732
9326378
9426740
9520948
9649976
9449273
9232187
9658173
9600839
9445203
9852767
9738088
9607019
9662318
9508718
9361263
9082738
9465722
9740160
9279367
9217929
9533335
9652131
9197480
9500584
9228203
9435052
9492397
9533359
9543603
9117624
9336763
9459644
9486271
9605061
9422794
9299915
9072587
9725902
9629665
9418729
9109495
