9082063
8316601
9286243
9586320
9150298
9088732
9557226
9586863
9290701
9438391
9357468
9357456
9357420
9533347
9438377
8706090
9621182
9357444
9111591
9164445
9605839
9169067
9626924
9573995
9339454
9650494
9004712
9438389
9412957
9551375
9291080
9712199
9594444
9584205
9576739
9374349
9831775
9228215
9611503
9122899
9408267
9129689
9151333
9316995
9310769
9611498
9040443
9556844
9199842
9201061
9282948
9486257
9001485
9487433
9512202
9146003
9571428
9152246
9418779
9549566
9666649
9302906
9329411
9433559
9249300
9441881
9321005
9573957
9495363
9530979
9732802
9605047
9605841
9433896
9403841
9528184
9347853
9621170
9597977
9615066
9485033
9565118
9412969
9273014
9288344
9584293
9604419
9152480
9626948
9189770
9588249
9253193
9408293
9189861
9174488
9293105
9284489
9557240
9718179
9316191
9107667
9487407
9588419
9311311
9191436
9286889
9138903
9583847
9592898
9605736
9649988
9281944
9449508
9472701
9486013
9660279
9544736
9471599
9227675
9474254
9406037
9491240
9462768
9118288
9354387
9423530
9626003
9086320
9316189
9585120
9604653
9157363
9542532
9481477
9168752
9769697
9290189
9272864
9316957
9599389
9276779
9232151
9131204
9611577
9414462
9481946
9278789
9347889
9848089
9147423
9506514
9502817
9629976
9113381
9605724
9461336
9686546
9610987
9488580
9554066
9294549
9186481
9549372
9222546
9548328
9363625
9527271
9473406
9482110
9718155
9470832
9562960
9155315
9114153
9282778
9246267
9504279
9191046
9310202
9422809
9403073
9435143
9460186
9480473
9552331
9106974
9735127
9543615
9461805
9497490
9455387
9418731
9106986
9198379
9466908
9569267
9141235
9011973
8922278
9626015
9478169
9569255
8915732
9370525
9283837
9860685
9141986
9135511
9762871
9739082
9634907
9463750
9197662
9140229
9450820
9236858
9554212
9481623
9014561
9556791
9497517
9409089
9109902
9202807
9739290
9272967
9254276
9603051
9209087
9583550
9657026
9588562
9244996
9658161
9700031
9370147
9314806
9310733
9197521
9693575
9604811
9455375
9554664
9713210
9621699
9135470
9137521
9213947
9210309
9502831
9553804
9635690
9635468
9430014
9331933
9430844
9603714
9298129
9650822
9630016
9414008
9464742
9667057
9335458
9790660
9623659
9114476
8903052
9603893
9458224
9629677
9694684
8618968
9330678
9490789
9455399
9130157
9852743
9473418
9718167
9392092
9266188
9407536
9139971
9304019
9782326
9470789
9241504
9486025
9387334
9117612
9119189
9456147
9543342
9550321
9340491
8857655
9237187
9611321
9699177
