9150298
9088732
9557226
9150298
9088732
9290701
9438391
9357420
9438377
9164445
9626924
9650494
9004712
9438389
9412957
9551375
9594444
9576739
9374349
9831775
9611503
9151333
9316995
9310769
9611498
9556844
9201061
9282948
9486257
9146003
9571428
9549566
9302906
9329411
9433559
9441881
9573957
9530979
9605047
9433896
9615066
9412969
9273014
9288344
9584293
9626948
9253193
9189861
9557240
9718179
9316191
9588419
9191436
9286889
9592898
9649988
9281944
9486013
9544736
9474254
9491240
9118288
9423530
9086320
9585120
9157363
9168752
9769697
9290189
9316957
9276779
9232151
9131204
9611577
9414462
9347889
9506514
9488580
9718155
9470832
9562960
9155315
9114153
9282778
9504279
9310202
9435143
9460186
9106974
9418731
9106986
9198379
9466908
9569267
9011973
8922278
9626015
9569255
8915732
9370525
9283837
9135511
9739082